  0.200000003      -9.99600068E-02
  0.400000006      -9.98401269E-02
  0.600000024      -9.96406525E-02
  0.800000012      -9.93620455E-02
   1.00000000      -9.90049839E-02
   1.20000005      -9.85703170E-02
   1.39999998      -9.80590805E-02
   1.60000002      -9.74724889E-02
   1.80000007      -9.68119279E-02
   2.00000000      -9.60789472E-02
   2.20000005      -9.52752605E-02
   2.40000010      -9.44027528E-02
   2.60000014      -9.34634283E-02
   2.79999995      -9.24594551E-02
   3.00000000      -9.13931206E-02
   3.20000005      -9.02668461E-02
   3.40000010      -8.90831500E-02
   3.60000014      -8.78446773E-02
   3.79999995      -8.65541473E-02
   4.00000000      -8.52143764E-02
   4.20000029      -8.38282630E-02
   4.40000010      -8.23987424E-02
   4.59999990      -8.09288397E-02
   4.80000019      -7.94215873E-02
   5.00000000      -7.78800771E-02
   5.20000029      -7.63074160E-02
   5.40000010      -7.47067258E-02
   5.59999990      -7.30811283E-02
   5.80000019      -7.14337304E-02
   6.00000000      -6.97676316E-02
   6.20000029      -6.80859014E-02
   6.40000010      -6.63915798E-02
   6.59999990      -6.46876469E-02
   6.80000019      -6.29770383E-02
   7.00000000      -6.12626448E-02
   7.20000029      -5.95472530E-02
   7.40000010      -5.78336120E-02
   7.59999990      -5.61243705E-02
   7.80000019      -5.44220917E-02
   8.00000000      -5.27292378E-02
   8.19999981      -5.10481969E-02
   8.40000057      -4.93812151E-02
   8.60000038      -4.77304794E-02
   8.80000019      -4.60980311E-02
   9.00000000      -4.44858111E-02
   9.19999981      -4.28956449E-02
   9.40000057      -4.13292311E-02
   9.60000038      -3.97881903E-02
   9.80000019      -3.82739753E-02
   10.0000000      -3.67879458E-02
   10.1999998      -3.53313349E-02
   10.4000006      -3.39052565E-02
   10.6000004      -3.25107239E-02
   10.8000002      -3.11486255E-02
   11.0000000      -2.98197269E-02
   11.1999998      -2.85246950E-02
   11.4000006      -2.72640772E-02
   11.6000004      -2.60383375E-02
   11.8000002      -2.48478204E-02
   12.0000000      -2.36927755E-02
   12.1999998      -2.25733519E-02
   12.4000006      -2.14896239E-02
   12.6000004      -2.04415619E-02
   12.8000002      -1.94290671E-02
   13.0000000      -1.84519570E-02
   13.1999998      -1.75099690E-02
   13.4000006      -1.66027807E-02
   13.6000004      -1.57300066E-02
   13.8000002      -1.48911970E-02
   14.0000000      -1.40858432E-02
   14.1999998      -1.33133903E-02
   14.4000006      -1.25732319E-02
   14.6000004      -1.18647292E-02
   14.8000002      -1.11871986E-02
   15.0000000      -1.05399219E-02
   15.1999998      -9.92215611E-03
   15.4000006      -9.33312625E-03
   15.6000004      -8.77204537E-03
   15.8000002      -8.23810231E-03
   16.0000000      -7.73047283E-03
   16.2000008      -7.24832062E-03
   16.3999996      -6.79081026E-03
   16.6000004      -6.35708496E-03
   16.8000011      -5.94630418E-03
   17.0000000      -5.55762043E-03
   17.2000008      -5.19018946E-03
   17.3999996      -4.84317308E-03
   17.6000004      -4.51574521E-03
   17.8000011      -4.20708489E-03
   18.0000000      -3.91639024E-03
   18.2000008      -3.64286383E-03
   18.3999996      -3.38573358E-03
   18.6000004      -3.14423372E-03
   18.8000011      -2.91762454E-03
   19.0000000      -2.70518498E-03
   19.2000008      -2.50620581E-03
   19.3999996      -2.32000719E-03
   19.6000004      -2.14592344E-03
   19.8000011      -1.98331475E-03
   20.0000000      -1.83156400E-03
   20.2000008      -1.69007038E-03
   20.3999996      -1.55826123E-03
   20.6000004      -1.43558194E-03
   20.8000011      -1.32150261E-03
   21.0000000      -1.21551869E-03
   21.2000008      -1.11713761E-03
   21.3999996      -1.02590059E-03
   21.6000004      -9.41359554E-04
   21.8000011      -8.63095280E-04
   22.0000000      -7.90705264E-04
   22.2000008      -7.23807490E-04
   22.3999996      -6.62039674E-04
   22.6000004      -6.05058856E-04
   22.8000011      -5.52539248E-04
   23.0000000      -5.04176074E-04
   23.2000008      -4.59677161E-04
   23.3999996      -4.18771611E-04
   23.6000004      -3.81200283E-04
   23.8000011      -3.46722547E-04
   24.0000000      -3.15111101E-04
   24.2000008      -2.86152528E-04
   24.3999996      -2.59647553E-04
   24.6000004      -2.35409243E-04
   24.8000011      -2.13262814E-04
   25.0000000      -1.93045416E-04
   25.2000008      -1.74604866E-04
   25.3999996      -1.57799601E-04
   25.6000004      -1.42497665E-04
   25.8000011      -1.28576590E-04
   26.0000000      -1.15923001E-04
   26.2000008      -1.04430794E-04
   26.3999996      -9.40029568E-05
   26.6000004      -8.45484610E-05
   26.8000011      -7.59841860E-05
   27.0000000      -6.82327809E-05
   27.2000008      -6.12231379E-05
   27.3999996      -5.48896969E-05
   27.6000004      -4.91720566E-05
   27.8000011      -4.40147269E-05
   28.0000000      -3.93669179E-05
   28.2000008      -3.51816379E-05
   28.3999996      -3.14162717E-05
   28.6000004      -2.80313834E-05
   28.8000011      -2.49912391E-05
   29.0000000      -2.22629678E-05
   29.2000008      -1.98166981E-05
   29.3999996      -1.76251178E-05
   29.6000004      -1.56633723E-05
   29.8000011      -1.39088561E-05
   30.0000000      -1.23409800E-05
   30.2000008      -1.09410967E-05
   30.3999996      -9.69223856E-06
   30.6000004      -8.57907162E-06
   30.8000011      -7.58767192E-06
   31.0000000      -6.70548479E-06
   31.2000008      -5.92111473E-06
   31.3999996      -5.22432902E-06
   31.6000004      -4.60583988E-06
   31.8000011      -4.05733135E-06
   32.0000000      -3.57128238E-06
   32.2000008      -3.14094882E-06
   32.4000015      -2.76025753E-06
   32.6000023      -2.42376927E-06
   32.7999992      -2.12660211E-06
   33.0000000      -1.86437535E-06
   33.2000008      -1.63317270E-06
   33.4000015      -1.42950034E-06
   33.6000023      -1.25022586E-06
   33.7999992      -1.09256280E-06
   34.0000000      -9.54015945E-07
   34.2000008      -8.32372564E-07
   34.4000015      -7.25659390E-07
   34.6000023      -6.32120020E-07
   34.7999992      -5.50199275E-07
   35.0000000      -4.78511708E-07
   35.2000008      -4.15831806E-07
   35.4000015      -3.61072892E-07
   35.6000023      -3.13274427E-07
   35.7999992      -2.71586629E-07
   36.0000000      -2.35257744E-07
   36.2000008      -2.03625021E-07
   36.4000015      -1.76104990E-07
   36.6000023      -1.52182210E-07
   36.7999992      -1.31404747E-07
   37.0000000      -1.13372657E-07
   37.2000008      -9.77370647E-08
   37.4000015      -8.41901979E-08
   37.6000023      -7.24632088E-08
   37.7999992      -6.23199128E-08
   38.0000000      -5.35534994E-08
   38.2000008      -4.59833451E-08
   38.4000015      -3.94518160E-08
   38.6000023      -3.38209283E-08
   38.7999992      -2.89705930E-08
   39.0000000      -2.47959360E-08
   39.2000008      -2.12059117E-08
   39.4000015      -1.81211579E-08
   39.6000023      -1.54727164E-08
   39.7999992      -1.32008466E-08
   40.0000000      -1.12535181E-08
   40.2000008      -9.58577662E-09
   40.4000015      -8.15866752E-09
   40.6000023      -6.93844848E-09
   40.7999992      -5.89604765E-09
   41.0000000      -5.00622077E-09
   41.2000008      -4.24729008E-09
   41.4000015      -3.60051944E-09
   41.6000023      -3.04980508E-09
   41.7999992      -2.58127120E-09
   42.0000000      -2.18296337E-09
   42.2000008      -1.84462812E-09
   42.4000015      -1.55749491E-09
   42.6000023      -1.31400357E-09
   42.7999992      -1.10769716E-09
   43.0000000      -9.33027211E-10
   43.2000008      -7.85275678E-10
   43.4000015      -6.60392407E-10
   43.6000023      -5.54925828E-10
   43.7999992      -4.65930017E-10
   44.0000000      -3.90893595E-10
   44.2000008      -3.27679550E-10
   44.4000015      -2.74468309E-10
   44.6000023      -2.29714289E-10
   44.7999992      -1.92103777E-10
   45.0000000      -1.60522803E-10
   45.2000008      -1.34026443E-10
   45.4000015      -1.11814037E-10
   45.6000023      -9.32078650E-11
   45.7999992      -7.76364945E-11
   46.0000000      -6.46143278E-11
   46.2000008      -5.37335454E-11
   46.4000015      -4.46490067E-11
   46.6000023      -3.70709331E-11
   46.7999992      -3.07545205E-11
   47.0000000      -2.54938622E-11
   47.2000008      -2.11160568E-11
   47.4000015      -1.74761004E-11
   47.6000023      -1.44520134E-11
   47.7999992      -1.19417158E-11
   48.0000000      -9.85949690E-12
   48.2000008      -8.13385644E-12
   48.4000015      -6.70486930E-12
   48.6000023      -5.52251777E-12
   48.7999992      -4.54503058E-12
   49.0000000      -3.73757058E-12
   49.2000008      -3.07110110E-12
   49.4000015      -2.52145310E-12
   49.6000023      -2.06852417E-12
   49.7999992      -1.69559928E-12
   50.0000000      -1.38879435E-12
