   1.0000000000000000      -0.63089602159659663       -2.1765523701820202     
   2.0000000000000000      -0.62914433185510610       -2.1602892901887460     
   3.0000000000000000      -0.62621736363938796       -2.1334537456350899     
   4.0000000000000000      -0.62210419970626285       -2.0964430928363456     
   5.0000000000000000      -0.61679018993099244       -2.0497998277261615     
   6.0000000000000000      -0.61025761373931287       -1.9941983566972139     
   7.0000000000000000      -0.60248657044677256       -1.9304287786996015     
   8.0000000000000000      -0.59345612271206027       -1.8593782234510801     
   9.0000000000000000      -0.58314571874269683       -1.7820103611527918     
   10.000000000000000      -0.57153691607608548       -1.6993437436261560     
   11.000000000000000      -0.55861542221917926       -1.6124296540988199     
   12.000000000000000      -0.54437345227167522       -1.5223301331429027     
   13.000000000000000      -0.52881238225005422       -1.4300968129890206     
   14.000000000000000      -0.51194564681135257       -1.3367511342654728     
   15.000000000000000      -0.49380179085843412       -1.2432664417895909     
   16.000000000000000      -0.47442753735825138       -1.1505523637575357     
   17.000000000000000      -0.45389068565563884       -1.0594417764011217     
   18.000000000000000      -0.43228260210780645      -0.97068054895403710     
   19.000000000000000      -0.40972002830342613      -0.88492015655249856     
   20.000000000000000      -0.38634590939799196      -0.80271314609869804     
   21.000000000000000      -0.36232895744878646      -0.72451134618811264     
   22.000000000000000      -0.33786171269549070      -0.65066663026076965     
   23.000000000000000      -0.31315696353625766      -0.58143397465306146     
   24.000000000000000      -0.28844252379598945      -0.51697650176979426     
   25.000000000000000      -0.26395453620987819      -0.45737216383276219     
   26.000000000000000      -0.23992965441897507      -0.40262170440783118     
   27.000000000000000      -0.21659661637227257      -0.35265753222565976     
   28.000000000000000      -0.19416783644640701      -0.30735315311989231     
   29.000000000000000      -0.17283168589599363      -0.26653282915805226     
   30.000000000000000      -0.15274608016823410      -0.22998116686001158     
   31.000000000000000      -0.13403386362921887      -0.19745237625013251     
   32.000000000000000      -0.11678028851294964      -0.16867898682238580     
   33.000000000000000      -0.10103265824091168      -0.14337985288194594     
   34.000000000000000       -8.6801991936207967E-002 -0.12126732695786437     
   35.000000000000000       -7.4066383673832559E-002 -0.10205352416343812     
   36.000000000000000       -6.2775616891088126E-002  -8.5455640979232028E-002
   37.000000000000000       -5.2856543137512535E-002  -7.1200327800948676E-002
   38.000000000000000       -4.4218747747271303E-002  -5.9027144970975963E-002
   39.000000000000000       -3.6760092604975259E-002  -4.8691156506338477E-002
   40.000000000000000       -3.0371813668939041E-002  -3.9964734284599034E-002
   41.000000000000000       -2.4942958772644519E-002  -3.2638658270857324E-002
   42.000000000000000       -2.0364048488881070E-002  -2.6522605904605683E-002
   43.000000000000000       -1.6529927834188718E-002  -2.1445126619897205E-002
   44.000000000000000       -1.3341842289569694E-002  -1.7253196356708324E-002
   45.000000000000000       -1.0708813058919908E-002  -1.3811442597953397E-002
   46.000000000000000       -8.5484149686764210E-003  -1.1001123702495459E-002
   47.000000000000000       -6.7870661324854753E-003  -8.7189378329456616E-003
   48.000000000000000       -5.3599407222496565E-003  -6.8757272677182416E-003
   49.000000000000000       -4.2106053358949014E-003  -5.3951339252169975E-003
   50.000000000000000       -3.2904652120943068E-003  -4.2122520034176929E-003
   51.000000000000000       -2.5580944303928987E-003  -3.2723141388998809E-003
   52.000000000000000       -1.9785076374935207E-003  -2.5294387048954321E-003
   53.000000000000000       -1.5224170022326566E-003  -1.9454579949893707E-003
   54.000000000000000       -1.1655070459591910E-003  -1.4888401921982338E-003
   55.000000000000000       -8.8774915184575143E-004  -1.1337122466470618E-003
   56.000000000000000       -6.7277037001367557E-004  -8.5898606657561997E-004
   57.000000000000000       -5.0728322434845374E-004  -6.4758671108120457E-004
   58.000000000000000       -3.8057992842865929E-004  -4.8577847213696664E-004
   59.000000000000000       -2.8409047169275503E-004  -3.6258274174382729E-004
   60.000000000000000       -2.1100164421605783E-004  -2.6928026144216219E-004
   61.000000000000000       -1.5593217595810671E-004  -1.9898962771588814E-004
   62.000000000000000       -1.1465901393536981E-004  -1.4631366407920714E-004
   63.000000000000000       -8.3888933420706024E-005  -1.0704536336879700E-004
   64.000000000000000       -6.1069767521737539E-005  -7.7925457863863031E-005
   65.000000000000000       -4.4235804293246694E-005  -5.6444209133301887E-005
   66.000000000000000       -3.1882197245702848E-005  -4.0680656179998335E-005
   67.000000000000000       -2.2863869655664892E-005  -2.9173264814875635E-005
   68.000000000000000       -1.6314696855479482E-005  -2.0816640717290271E-005
   69.000000000000000       -1.1583406215542880E-005  -1.4779671677997152E-005
   70.000000000000000       -8.1831804561449673E-006  -1.0441128822138833E-005
   71.000000000000000       -5.7522414012023404E-006  -7.3393677501555251E-006
   72.000000000000000       -4.0232840553544591E-006  -5.1333204003469946E-006
   73.000000000000000       -2.7999774815379297E-006  -3.5724538097080612E-006
   74.000000000000000       -1.9389147248860539E-006  -2.4737932499406524E-006
   75.000000000000000       -1.3359610071539407E-006  -1.7044674251678489E-006
   76.000000000000000       -9.1593899054220884E-007  -1.1685371896684596E-006
   77.000000000000000       -6.2484291141196024E-007  -7.9712219068302660E-007
   78.000000000000000       -4.2414573842020076E-007  -5.4104798962417318E-007
   79.000000000000000       -2.8648691963173434E-007  -3.6540560395388830E-007
   80.000000000000000       -1.9255404981599611E-007  -2.4555181408891282E-007
   81.000000000000000       -1.2878602839716535E-007  -1.6418732150722851E-007
   82.000000000000000       -8.5714141118131693E-008  -1.0923570517312905E-007
   83.000000000000000       -5.6778438062288217E-008  -7.2313293660336812E-008
   84.000000000000000       -3.7432916988322518E-008  -4.7632151281572510E-008
   85.000000000000000       -2.4573672652294931E-008  -3.1218409856984873E-008
   86.000000000000000       -1.6063734342708358E-008  -2.0358692698584810E-008
   87.000000000000000       -1.0457958721232785E-008  -1.3210447321730709E-008
   88.000000000000000       -6.7902984346446260E-009  -8.5293058467286633E-009
   89.000000000000000       -4.4019069500578212E-009  -5.4794678047235785E-009
   90.000000000000000       -2.8535962481868182E-009  -3.5026085129433513E-009
   91.000000000000000       -1.8497817722007426E-009  -2.2277853609260434E-009
   92.000000000000000       -1.2103233970606198E-009  -1.4098847737661350E-009
   93.000000000000000       -8.0406992175596770E-010  -8.8781488577836052E-010
   94.000000000000000       -5.4274451599667373E-010  -5.5627526868585019E-010
   95.000000000000000       -3.7938197028353216E-010  -3.4680520703067449E-010
   96.000000000000000       -2.7442537131605604E-010  -2.1513446673399426E-010
   97.000000000000000       -2.0951340662378470E-010  -1.3278924659117154E-010
   98.000000000000000       -1.6826517956758380E-010  -8.1553827250276650E-011
   99.000000000000000       -1.4413104043597968E-010  -4.9837278053781841E-011
   100.00000000000000       -1.2742584765135234E-010  -3.0303501269841496E-011
