   1.0000000000000000       -1.9950063395526322E-003
   2.0000000000000000       -1.9800997615480238E-003
   3.0000000000000000       -1.9555025672680563E-003
   4.0000000000000000       -1.9215789695747455E-003
   5.0000000000000000       -1.8788262148664041E-003
   6.0000000000000000       -1.8278624573612604E-003
   7.0000000000000000       -1.7694118939295183E-003
   8.0000000000000000       -1.7042876588817390E-003
   9.0000000000000000       -1.6333730427772746E-003
   10.000000000000000       -1.5576016401249143E-003
   11.000000000000000       -1.4779370467161281E-003
   12.000000000000000       -1.3953527184177568E-003
   13.000000000000000       -1.3108125709139344E-003
   14.000000000000000       -1.2252528465652168E-003
   15.000000000000000       -1.1395657035883099E-003
   16.000000000000000       -1.0545848981761896E-003
   17.000000000000000       -9.7107383643168902E-004
   18.000000000000000       -8.8971617470513093E-004
   19.000000000000000       -8.1110904865225189E-004
   20.000000000000000       -7.3575891728955636E-004
   21.000000000000000       -6.6407992223142353E-004
   22.000000000000000       -5.9639458718699617E-004
   23.000000000000000       -5.3293662094017831E-004
   24.000000000000000       -4.7385553987117291E-004
   25.000000000000000       -4.1922279421420890E-004
   26.000000000000000       -3.6903906551439267E-004
   27.000000000000000       -3.2324240028386785E-004
   28.000000000000000       -2.8171685522292205E-004
   29.000000000000000       -2.4430135068367095E-004
   30.000000000000000       -2.1079845913611774E-004
   31.000000000000000       -1.8098289192361745E-004
   32.000000000000000       -1.5460948823015571E-004
   33.000000000000000       -1.3142055269714677E-004
   34.000000000000000       -1.1115243050242308E-004
   35.000000000000000       -9.3541249210888678E-005
   36.000000000000000       -7.8327793918344529E-005
   37.000000000000000       -6.5261515085547522E-005
   38.000000000000000       -5.4103696302488392E-005
   39.000000000000000       -4.4629831673735985E-005
   40.000000000000000       -3.6631279517360689E-005
   41.000000000000000       -2.9916270822101537E-005
   42.000000000000000       -2.4310357814509853E-005
   43.000000000000000       -1.9656390604387789E-005
   44.000000000000000       -1.5814108854316699E-005
   45.000000000000000       -1.2659431456262194E-005
   46.000000000000000       -1.0083520998323491E-005
   47.000000000000000       -7.9916920397542444E-006
   48.000000000000000       -6.3022234962284220E-006
   49.000000000000000       -4.9451263066292648E-006
   50.000000000000000       -3.8609084558387215E-006
   51.000000000000000       -2.9993707211221519E-006
   52.000000000000000       -2.3184584579300429E-006
   53.000000000000000       -1.7831875246872978E-006
   54.000000000000000       -1.3646561703304391E-006
   55.000000000000000       -1.0391494136666233E-006
   56.000000000000000       -7.8733811870670940E-007
   57.000000000000000       -5.9357156377955650E-007
   58.000000000000000       -4.4525973498647950E-007
   59.000000000000000       -3.3233974899984495E-007
   60.000000000000000       -2.4681961989666143E-007
   61.000000000000000       -1.8239192138768339E-007
   62.000000000000000       -1.3410965497548853E-007
   63.000000000000000       -9.8116719572709341E-008
   64.000000000000000       -7.1425702675808967E-008
   65.000000000000000       -5.1736202902645900E-008
   66.000000000000000       -3.7287486434094192E-008
   67.000000000000000       -2.6739925511765854E-008
   68.000000000000000       -1.9080326652425338E-008
   69.000000000000000       -1.3546900638850697E-008
   70.000000000000000       -9.5702352388197776E-009
   71.000000000000000       -6.7271917691757294E-009
   72.000000000000000       -4.7051506235021937E-009
   73.000000000000000       -3.2744757699216371E-009
   74.000000000000000       -2.2674543851942274E-009
   75.000000000000000       -1.5622979558660657E-009
   76.000000000000000       -1.0710696114316960E-009
   77.000000000000000       -7.3063430294476672E-010
   78.000000000000000       -4.9591922716390463E-010
   79.000000000000000       -3.3492715653568308E-010
   80.000000000000000       -2.2507036012878618E-010
   81.000000000000000       -1.5049247230090514E-010
   82.000000000000000       -1.0012436517099291E-010
   83.000000000000000       -6.6281648566185662E-011
   84.000000000000000       -4.3659157976208191E-011
   85.000000000000000       -2.8614485196250429E-011
   86.000000000000000       -1.8660576035339770E-011
   87.000000000000000       -1.2108565140095780E-011
   88.000000000000000       -7.8178772398589251E-012
   89.000000000000000       -5.0224259050949920E-012
   90.000000000000000       -3.2104562628597059E-012
   91.000000000000000       -2.0419659913068513E-012
   92.000000000000000       -1.2922864160015344E-012
   93.000000000000000       -8.1376232878279154E-013
   94.000000000000000       -5.0987640029622041E-013
   95.000000000000000       -3.1787821698873178E-013
   96.000000000000000       -1.9719012088585805E-013
   97.000000000000000       -1.2171330789143873E-013
   98.000000000000000       -7.4751430109387105E-014
   99.000000000000000       -4.5680355329574398E-014
   100.00000000000000       -2.7775889049211918E-014
